00000000000100000010000010000011      
00000000001000000010000100000011      
00000000001100000010000110000011      
00000000010000000010001000000011      
00000000001100010000001010110011     
00000000010100000010010100100011     
01000000000100101000001100110011    
00000000001000001010001110110011     
00000000000100010011010000110011    
00000000000100011110010010010011      
00000000000000000001010100110111        
00000000001100000110010110110011     
00000000001100001111011000110011     
00000000001001100100011010110011          
00000000000100010101011100110011     
11111100000100111000100011100011   
00000000001000000010000100000011      
00000000001000000010000100000011      
00000000001000000010000100000011      